0 0.031211375820418 -0.112786825577501
0.005005005005005 0.0637868703298596 -0.163912329867853
0.01001001001001 0.143214522728613 -0.278763154781269
0.015015015015015 0.245719540305246 -0.275274176459472
0.02002002002002 0.221940160471549 -0.268558949210553
0.025025025025025 0.206412562966203 -0.257985192458084
0.03003003003003 0.149067509059386 -0.346412182922925
0.035035035035035 0.136093535595834 -0.293590766321261
0.04004004004004 0.105997168617878 -0.202571073166563
0.045045045045045 0.0963911860660936 -0.169160123488907
0.05005005005005 0.0676519615942031 -0.148536481639851
0.0550550550550551 0.143689736414354 -0.124628715897168
0.0600600600600601 0.107821465809746 -0.196273839192643
0.0650650650650651 0.192711876444883 -0.113992502757156
0.0700700700700701 0.188157592631216 -0.173040991785132
0.0750750750750751 0.170656977510448 -0.206235336409094
0.0800800800800801 0.0588470273787207 -0.150789460549828
0.0850850850850851 0.117940597820995 -0.218736525497859
0.0900900900900901 0.0487635462404458 -0.266469096667285
0.0950950950950951 0.0196455121877888 -0.232996985576339
0.1001001001001 -0.0257138410348166 -0.156474702561487
0.105105105105105 -0.0473631910790697 -0.117891546598707
0.11011011011011 0.0136036669130961 -0.087635592807302
0.115115115115115 0.0129991746633049 -0.0871477177911905
0.12012012012012 0.0336972587065236 -0.0534754606258075
0.125125125125125 0.0903676293411067 -0.035661428908993
0.13013013013013 0.0096062331349445 -0.0140116844791814
0.135135135135135 -0.00967417364284593 -0.0330839730535466
0.14014014014014 -0.104400332843927 -0.0526573500352225
0.145145145145145 -0.165219166880573 -0.0247509993505395
0.15015015015015 -0.226265791865479 -0.096039077594386
0.155155155155155 -0.144006685375373 0.0415908738035376
0.16016016016016 -0.143061238934061 0.0657187273207687
0.165165165165165 -0.152597294971596 0.0917093860491538
0.17017017017017 -0.206616016601224 0.117859749760542
0.175175175175175 -0.183999078930352 0.0811983527135357
0.18018018018018 -0.125528271384256 0.0323581262271236
0.185185185185185 -0.157025352606556 0.0616864780926527
0.19019019019019 -0.146201515565231 -0.045567127916785
0.195195195195195 -0.181317383629136 -0.0512239723253313
0.2002002002002 -0.163327441550443 0.00862127573860179
0.205205205205205 -0.195833507967939 0.0981839256437654
0.21021021021021 -0.268448806822389 0.0658108659071606
0.215215215215215 -0.217478133270489 0.0789791301244868
0.22022022022022 -0.294337519111423 0.0245542610014896
0.225225225225225 -0.215509174273052 -0.0489339194493917
0.23023023023023 -0.250881406070257 -0.126398898411129
0.235235235235235 -0.328024898353248 0.017959688233467
0.24024024024024 -0.297509447683396 0.026014493269936
0.245245245245245 -0.278590246166353 0.0394297297495497
0.25025025025025 -0.258293178371013 0.0340056674006404
0.255255255255255 -0.261796266204753 -0.0389638096985463
0.26026026026026 -0.286440769157934 0.0214008585755303
0.265265265265265 -0.231587922899359 0.0431797703712467
0.27027027027027 -0.232320077172355 0.0815590198472921
0.275275275275275 -0.335889436548818 0.108922744588806
0.28028028028028 -0.399692227567112 0.1406912743583
0.285285285285285 -0.562587946337273 0.142245487629749
0.29029029029029 -0.644460942792213 0.184795733705109
0.295295295295295 -0.659975799683511 0.229635131702606
0.3003003003003 -0.682428509498882 0.225730141706689
0.305305305305305 -0.764043365356008 0.215395738349395
0.31031031031031 -0.770995877051866 0.292500594489746
0.315315315315315 -0.832298628592608 0.332080234919677
0.32032032032032 -0.768316510162599 0.215338198287383
0.325325325325325 -0.775338271630882 0.197689274588115
0.33033033033033 -0.78827899864878 0.187457152692499
0.335335335335335 -0.768741621059265 0.183634875345305
0.34034034034034 -0.806969454143269 0.2030986614051
0.345345345345345 -0.822792847701731 0.185738276461834
0.35035035035035 -0.879129131026267 0.126945779346852
0.355355355355355 -0.878358842669868 0.107623842678504
0.36036036036036 -0.809867723646733 0.0149871765576676
0.365365365365365 -0.813136573151468 0.0124338602779683
0.37037037037037 -0.824206492816175 0.0404114309960337
0.375375375375375 -0.857333620289565 0.0545329380271534
0.38038038038038 -0.907385813742478 0.0525711624570204
0.385385385385385 -0.950802136121253 0.091004932571701
0.39039039039039 -0.998644335743238 0.0939746389411701
0.395395395395395 -1.07729950631477 0.160710880257892
0.4004004004004 -0.980740412477804 0.106648915146244
0.405405405405405 -0.995932658053996 0.153695223529014
0.41041041041041 -1.03345882240587 0.18064280082773
0.415415415415415 -0.942033713659327 0.194719384830685
0.42042042042042 -0.960002652495566 0.132422499697447
0.425425425425425 -0.926811037902577 0.124964837789799
0.43043043043043 -0.972891835730805 0.115816916638246
0.435435435435435 -0.996681775397674 0.132731567566011
0.44044044044044 -0.992881006605892 0.179675346388729
0.445445445445445 -1.0613949642198 0.249452442461645
0.45045045045045 -1.12015344927725 0.251546696595021
0.455455455455455 -1.19880620499973 0.318826842541212
0.46046046046046 -1.27437850816654 0.27789032850655
0.465465465465465 -1.24446288508998 0.276801729586168
0.47047047047047 -1.22722850418579 0.214163131604528
0.475475475475475 -1.20409299267034 0.283113425491353
0.48048048048048 -1.1277446615634 0.252515686684712
0.485485485485485 -1.09619181855476 0.296775559227297
0.49049049049049 -1.13746874823563 0.389477599651684
0.495495495495495 -1.1745627066852 0.327898877620344
0.500500500500501 -1.15983271227921 0.433965019898011
0.505505505505506 -1.14995829301807 0.426346567811712
0.510510510510511 -1.23616286792358 0.447400077995579
0.515515515515516 -1.30455457613886 0.476885069261152
0.520520520520521 -1.31715294958691 0.461455178822098
0.525525525525526 -1.32806955945555 0.476021007143942
0.530530530530531 -1.33414775163007 0.49177420563752
0.535535535535536 -1.41293465692572 0.530247012911397
0.540540540540541 -1.45896570497914 0.638543657092066
0.545545545545546 -1.46065384140467 0.610117958590816
0.550550550550551 -1.52034046633836 0.652336425708738
0.555555555555556 -1.43540559730274 0.743671642722427
0.560560560560561 -1.47800463955927 0.740342150286466
0.565565565565566 -1.44743564941853 0.807208555810178
0.570570570570571 -1.49520553545346 0.892479662512279
0.575575575575576 -1.45194975349605 0.959196068421706
0.580580580580581 -1.50715730223526 0.931950340135356
0.585585585585586 -1.57953345661272 0.872875839337742
0.590590590590591 -1.65740996563923 0.89885864571676
0.595595595595596 -1.69951294374177 0.81750980962291
0.600600600600601 -1.76974574938064 0.876448842307106
0.605605605605606 -1.76690115611186 0.810251184045574
0.610610610610611 -1.8117586432537 0.811206619888762
0.615615615615616 -1.83648075720051 0.822603708057785
0.620620620620621 -1.71965211272986 0.830173842752143
0.625625625625626 -1.77798113805213 0.767624625274055
0.630630630630631 -1.71578782635444 0.676764304779246
0.635635635635636 -1.7077096619249 0.730143647531527
0.640640640640641 -1.73979458902689 0.733402879006975
0.645645645645646 -1.67611953880333 0.758435197127781
0.650650650650651 -1.75700518332501 0.759185712116564
0.655655655655656 -1.77711265384234 0.848560448670485
0.660660660660661 -1.7000326716259 0.804245144756078
0.665665665665666 -1.75760603594556 0.880612951027137
0.670670670670671 -1.78344922374253 0.91982913179729
0.675675675675676 -1.80045210853013 0.822355455489561
0.680680680680681 -1.8144713266265 0.837694448258893
0.685685685685686 -1.8258809224733 0.846676278852941
0.690690690690691 -1.86468279972881 0.770277255162747
0.695695695695696 -1.86949066532949 0.781540550832526
0.700700700700701 -1.83063656353999 0.758030526558576
0.705705705705706 -1.81164629875221 0.729361216730984
0.710710710710711 -1.75901832081159 0.793053486620735
0.715715715715716 -1.86184739586716 0.750450034571507
0.720720720720721 -1.84151980220535 0.746299228616662
0.725725725725726 -1.85121181333518 0.737675672935542
0.730730730730731 -1.79468733012794 0.746941503123018
0.735735735735736 -1.91011534988976 0.792881980004591
0.740740740740741 -1.89194457684622 0.79169992177688
0.745745745745746 -1.8616433319019 0.841812779423254
0.750750750750751 -1.94220624835026 0.915168808894416
0.755755755755756 -1.9942885479475 0.921228839560576
0.760760760760761 -2.01374049010453 0.940926372913208
0.765765765765766 -2.02157572273718 0.990487632433043
0.770770770770771 -2.07255116269801 0.94060040186762
0.775775775775776 -2.09063940570941 0.926390072075239
0.780780780780781 -2.12779516827179 0.830365818507992
0.785785785785786 -2.09591002835854 0.856748686169901
0.790790790790791 -2.0056113560892 0.884963527952795
0.795795795795796 -2.01068255154442 0.822160820625809
0.800800800800801 -1.94474591790403 0.759886010575183
0.805805805805806 -1.94031176405334 0.734214447351573
0.810810810810811 -1.99060939214572 0.687042237354119
0.815815815815816 -1.97324542384139 0.639192735134567
0.820820820820821 -1.88262436542091 0.609330611903382
0.825825825825826 -1.87836506495733 0.627970224081056
0.830830830830831 -1.9030875112857 0.70638411171007
0.835835835835836 -2.00910798445511 0.758575293476166
0.840840840840841 -2.00517583261485 0.745872070368566
0.845845845845846 -2.01986619052078 0.778502607306907
0.850850850850851 -2.05144496501127 0.765538778090517
0.855855855855856 -2.098616000555 0.831039348352156
0.860860860860861 -2.08553575374814 0.849033688201981
0.865865865865866 -2.1191937637307 0.853710606143951
0.870870870870871 -2.0300557166713 0.81219958903252
0.875875875875876 -2.07330680191645 0.827599928604304
0.880880880880881 -2.06222927983955 0.864936649337511
0.885885885885886 -2.16230417769335 0.885503778249376
0.890890890890891 -2.24756559862117 0.845516566758997
0.895895895895896 -2.35051160163405 0.774611975495845
0.900900900900901 -2.38679195713036 0.858044514529006
0.905905905905906 -2.44628613600305 0.863229059864704
0.910910910910911 -2.38317397231173 0.741868681295057
0.915915915915916 -2.35944344590751 0.731032997285744
0.920920920920921 -2.38247986442258 0.797627821324065
0.925925925925926 -2.33765421000522 0.777819931633188
0.930930930930931 -2.36226200579682 0.710410594643537
0.935935935935936 -2.32057983784039 0.709674966495066
0.940940940940941 -2.33607606779597 0.633034969118567
0.945945945945946 -2.37821426415692 0.666995227775541
0.950950950950951 -2.49161073393192 0.677093492318124
0.955955955955956 -2.48329829871406 0.698287804739424
0.960960960960961 -2.46342147419945 0.710032362674149
0.965965965965966 -2.43435718434825 0.73863832997077
0.970970970970971 -2.47140333423533 0.759930432508103
0.975975975975976 -2.41047442801764 0.829173869804445
0.980980980980981 -2.48847826252073 0.849296268818564
0.985985985985986 -2.47668376374932 0.857452405828034
0.990990990990991 -2.49924265914306 0.859206301645658
0.995995995995996 -2.56115959743965 0.854676300610854
1.001001001001 -2.55865342041716 0.824705005940942
1.00600600600601 -2.58791681171057 0.862590618384287
1.01101101101101 -2.52868192039544 0.892726179047412
1.01601601601602 -2.46540195658178 0.889239855733389
1.02102102102102 -2.43755725978096 0.909349561346456
1.02602602602603 -2.43750511027498 0.903741013690306
1.03103103103103 -2.44250936464483 0.747726654004428
1.03603603603604 -2.44040606118602 0.834594971956116
1.04104104104104 -2.46403292408181 0.881231626486124
1.04604604604605 -2.50223378195039 0.88532688810263
1.05105105105105 -2.42470933423524 0.938036743521893
1.05605605605606 -2.46049108277679 0.955752251136638
1.06106106106106 -2.50762675093377 1.0443097066418
1.06606606606607 -2.47569894007272 0.94094806231777
1.07107107107107 -2.45419856444361 0.919919877841286
1.07607607607608 -2.45862420277967 0.942736834968158
1.08108108108108 -2.43053255257424 1.00530258759785
1.08608608608609 -2.46991213250261 1.05845901825019
1.09109109109109 -2.44629990255141 1.11084515025829
1.0960960960961 -2.40812640833282 1.05797315940511
1.1011011011011 -2.35083224901196 1.06070478681434
1.10610610610611 -2.43249676660029 1.04764839549223
1.11111111111111 -2.49086652927955 0.963306480190744
1.11611611611612 -2.51077895519258 0.95868393896491
1.12112112112112 -2.50947969888905 0.969402920474806
1.12612612612613 -2.48724014391432 0.93327215139689
1.13113113113113 -2.4928184478501 0.87260542480741
1.13613613613614 -2.57472813410097 0.880994601946496
1.14114114114114 -2.59841275121339 0.859428727658039
1.14614614614615 -2.59019799669643 0.847725269414988
1.15115115115115 -2.64182395578509 0.872021153722774
1.15615615615616 -2.73276068164854 0.827301994064653
1.16116116116116 -2.72394882918607 0.846791686852481
1.16616616616617 -2.80790697919132 0.831006946552295
1.17117117117117 -2.87008707802787 0.77841365519908
1.17617617617618 -2.81140606631928 0.825644727608372
1.18118118118118 -2.75394562154429 0.770726450062096
1.18618618618619 -2.70416754708929 0.785242376999134
1.19119119119119 -2.77168499295645 0.805914034661187
1.1961961961962 -2.78027912875592 0.859158733911966
1.2012012012012 -2.79103001872819 0.957274129945963
1.20620620620621 -2.81362199238592 0.869296951540939
1.21121121121121 -2.73662480450588 0.810035136134451
1.21621621621622 -2.71670759988275 0.849821584007641
1.22122122122122 -2.76129992485122 0.856457954010173
1.22622622622623 -2.8687853060027 0.892508774289946
1.23123123123123 -2.85788533905057 0.896778694344907
1.23623623623624 -2.85960913079957 1.01819567082945
1.24124124124124 -2.9083651292641 1.05844694310667
1.24624624624625 -2.96759704083606 1.03200984594512
1.25125125125125 -2.98814348426708 1.08552961716552
1.25625625625626 -2.96054098859541 1.03101592137683
1.26126126126126 -2.92204480571306 1.05836263251891
1.26626626626627 -2.93130051575127 0.965634964625809
1.27127127127127 -2.95788354143684 0.952304766487454
1.27627627627628 -2.99558163779863 0.949044159958487
1.28128128128128 -2.98561479144381 0.98569657378269
1.28628628628629 -2.9939438194197 0.912182192214022
1.29129129129129 -3.02693169585726 0.984064765346129
1.2962962962963 -3.0146235327352 1.04771244861437
1.3013013013013 -3.0452218089928 1.04215580360076
1.30630630630631 -3.00964600917678 1.0168526522998
1.31131131131131 -2.91978144155925 1.08778149395913
1.31631631631632 -2.89196558701723 1.1431229984495
1.32132132132132 -2.90123621733745 1.15784300299256
1.32632632632633 -2.955594935539 1.16262941812842
1.33133133133133 -3.01371476866517 1.2211377677231
1.33633633633634 -2.99875788610844 1.18572080280504
1.34134134134134 -2.95073179024238 1.20445651703441
1.34634634634635 -2.95579482808772 1.18327868969544
1.35135135135135 -2.99749761507299 1.1647882863919
1.35635635635636 -2.98892988656591 1.15920407971104
1.36136136136136 -2.95509578825957 1.08405037398372
1.36636636636637 -2.89734234811947 1.12263900967764
1.37137137137137 -3.00367605261082 1.09631417120497
1.37637637637638 -2.94552804569594 1.16893478286839
1.38138138138138 -2.91482532411917 1.10965144223733
1.38638638638639 -2.94649533120364 1.10261558319897
1.39139139139139 -2.88478631119546 1.135407810985
1.3963963963964 -2.94018308651503 1.08819450135388
1.4014014014014 -2.93735561009122 1.03884478894235
1.40640640640641 -2.94081259582333 0.948208099287999
1.41141141141141 -2.87723958614325 0.963280861378767
1.41641641641642 -2.88814431260767 1.0211206576283
1.42142142142142 -2.9211543822263 1.03208131244205
1.42642642642643 -2.83204507319501 1.05191276315132
1.43143143143143 -2.82041982267946 1.05285348299243
1.43643643643644 -2.90929628728841 1.19240306125796
1.44144144144144 -2.90225049719736 1.23025837259828
1.44644644644645 -2.95557251216058 1.20080072802536
1.45145145145145 -2.95345516135416 1.21355418623031
1.45645645645646 -2.96361501431717 1.20546947970871
1.46146146146146 -2.92352540266946 1.14586861103627
1.46646646646647 -2.98895295560333 1.05464263089872
1.47147147147147 -2.98507910450861 0.983407578032895
1.47647647647648 -3.08021263642852 1.02777180921833
1.48148148148148 -3.08777040933693 0.994675559349271
1.48648648648649 -3.08369347635993 0.927777266110631
1.49149149149149 -3.08219186164565 0.893411947057508
1.4964964964965 -3.05079541703665 0.84402640678658
1.5015015015015 -3.0366211099649 0.881921212641155
1.50650650650651 -3.1063740226939 0.920220968308851
1.51151151151151 -3.12058402921748 0.889108127669815
1.51651651651652 -3.1952889109107 0.853266901312786
1.52152152152152 -3.19209018957503 0.796008873541728
1.52652652652653 -3.21234156303295 0.765535740539977
1.53153153153153 -3.11516318411865 0.792940938299031
1.53653653653654 -3.11362149641801 0.866547014175891
1.54154154154154 -3.10125479288408 0.904773880510556
1.54654654654655 -3.16551610813455 0.923879523978091
1.55155155155155 -3.17374545557496 0.899286113949586
1.55655655655656 -3.16916125912733 0.980135839986098
1.56156156156156 -3.16888507664809 1.00797111815308
1.56656656656657 -3.12957567851089 1.06699982874204
1.57157157157157 -3.20074038661496 1.1141825023424
1.57657657657658 -3.21098512553652 1.11032824343681
1.58158158158158 -3.18658040982716 1.12082665102782
1.58658658658659 -3.25071230002504 1.16998143041611
1.59159159159159 -3.21443282194389 1.16780319695247
1.5965965965966 -3.17909270080752 1.22213291878656
1.6016016016016 -3.11047965010273 1.21033014164207
1.60660660660661 -3.08391193964949 1.23936880597909
1.61161161161161 -3.04394001687792 1.25948981445102
1.61661661661662 -3.05206617304102 1.2686227729286
1.62162162162162 -3.06748486903091 1.24477946417549
1.62662662662663 -3.03549203184012 1.25476228282872
1.63163163163163 -2.93775771760534 1.13741658591965
1.63663663663664 -2.88549337700728 1.13765398243982
1.64164164164164 -2.85808203041093 1.15072251410401
1.64664664664665 -2.82443126457474 1.13037398408945
1.65165165165165 -2.86791438242454 1.07255957836843
1.65665665665666 -2.93280443347339 1.09493939157293
1.66166166166166 -2.8619233036774 1.11829928032288
1.66666666666667 -2.92778814105466 1.12198701731912
1.67167167167167 -2.99874143738945 1.08566637051494
1.67667667667668 -2.98332525255767 1.0496883929203
1.68168168168168 -2.9227039881896 0.994456440370844
1.68668668668669 -2.96002501041846 0.980423832365366
1.69169169169169 -2.89497256071793 1.04803449160676
1.6966966966967 -2.88104985769159 1.05332388934718
1.7017017017017 -2.92971163613285 1.11314117254644
1.70670670670671 -2.95101812249251 1.07889870303438
1.71171171171171 -2.97706540934199 1.16971607462473
1.71671671671672 -2.93777715510048 1.13841401476198
1.72172172172172 -2.98173903753019 1.15467440998694
1.72672672672673 -2.97073153227717 1.12326649229172
1.73173173173173 -2.93777886696634 1.09850774612446
1.73673673673674 -2.89635992145799 1.11272475130206
1.74174174174174 -2.96563893329133 1.06352774527574
1.74674674674675 -2.99247731418881 1.05024891966626
1.75175175175175 -2.96295087581974 1.0276550680202
1.75675675675676 -3.02306224933871 0.995095491952188
1.76176176176176 -2.96926788488005 0.949368940254954
1.76676676676677 -2.97817304768174 1.0226136281207
1.77177177177177 -2.98294668789548 1.03854710356551
1.77677677677678 -3.10210835775323 0.951761781457362
1.78178178178178 -3.04319911624993 0.912521580301097
1.78678678678679 -3.07060289041267 0.86451529411738
1.79179179179179 -3.15137835296734 0.86443189222826
1.7967967967968 -3.09940164961219 0.925988275223106
1.8018018018018 -3.14539199357183 1.00536945899369
1.80680680680681 -3.16628905910448 0.97575941543765
1.81181181181181 -3.23041894705422 0.956185051296626
1.81681681681682 -3.14893154360592 0.980908296106373
1.82182182182182 -3.14299844815344 0.997838396597724
1.82682682682683 -3.14016050045996 0.968280195824413
1.83183183183183 -3.24871562477011 0.990754450871421
1.83683683683684 -3.17720887912123 1.01382854829257
1.84184184184184 -3.16488821037994 1.08265838876123
1.84684684684685 -3.24521871415036 1.09073009357927
1.85185185185185 -3.28435096356007 1.16347792309014
1.85685685685686 -3.21108294940522 1.07898593175146
1.86186186186186 -3.17762913831524 1.10307800605176
1.86686686686687 -3.19645201194932 1.06789690986189
1.87187187187187 -3.17042985144474 1.04651267726805
1.87687687687688 -3.19176062691696 1.06753135693704
1.88188188188188 -3.3169419875228 1.04326232243258
1.88688688688689 -3.26876131168219 1.08548078821583
1.89189189189189 -3.33675716587332 1.1385420485354
1.8968968968969 -3.30261343350662 1.1122878520197
1.9019019019019 -3.28072771643887 1.11516087181132
1.90690690690691 -3.27132265581344 1.09802615874767
1.91191191191191 -3.2426002395266 1.17132430114812
1.91691691691692 -3.31934622765232 1.20926031694995
1.92192192192192 -3.24757925623911 1.19072526781613
1.92692692692693 -3.23591351409277 1.25453539724147
1.93193193193193 -3.16725360201153 1.30527783541404
1.93693693693694 -3.14623045557426 1.24795179604728
1.94194194194194 -3.15725464763427 1.2249420561232
1.94694694694695 -3.20820375088232 1.25284491814471
1.95195195195195 -3.24812236560186 1.27882804263758
1.95695695695696 -3.2251007832459 1.17092315085745
1.96196196196196 -3.22716449088112 1.10227387340493
1.96696696696697 -3.23623903837087 1.09393460061471
1.97197197197197 -3.2164732381674 1.06733167816353
1.97697697697698 -3.21940373017884 1.06349727201229
1.98198198198198 -3.24821135941301 0.986292272167713
1.98698698698699 -3.34157584025222 1.06224920681803
1.99199199199199 -3.39930232040253 1.01968715290417
1.996996996997 -3.41333281400284 0.963425413870894
2.002002002002 -3.42089091817428 0.973753422247275
2.00700700700701 -3.36212453413282 0.905616643962091
2.01201201201201 -3.4056086972645 0.913767211304419
2.01701701701702 -3.44224507073498 0.906007467900643
2.02202202202202 -3.42158081546061 0.976987801068772
2.02702702702703 -3.43439152122509 0.993901944124114
2.03203203203203 -3.44554609743064 1.01083989366492
2.03703703703704 -3.5802194985601 1.0986476235426
2.04204204204204 -3.592503951019 1.0666410013256
2.04704704704705 -3.61137822266229 1.1182514130931
2.05205205205205 -3.63783897504688 1.11003573840475
2.05705705705706 -3.74394948537823 1.11149202834166
2.06206206206206 -3.82100151891329 1.08619923131015
2.06706706706707 -3.8860030416351 1.06167614380675
2.07207207207207 -3.8581332402363 1.01572984748456
2.07707707707708 -3.85691952016875 0.967361195620001
2.08208208208208 -3.8138040555642 1.0185509496971
2.08708708708709 -3.81431781567079 1.01714283246258
2.09209209209209 -3.75862830134619 0.953880122620269
2.0970970970971 -3.71770869418857 1.0160261043808
2.1021021021021 -3.65567676660394 0.942167447254016
2.10710710710711 -3.68621155041551 1.00044506024226
2.11211211211211 -3.68846045621762 1.04657470206181
2.11711711711712 -3.69611700120287 1.13409475385631
2.12212212212212 -3.75102135911367 1.15160159462533
2.12712712712713 -3.74842177547833 1.16601319804425
2.13213213213213 -3.74765471358273 1.10010024115103
2.13713713713714 -3.8082170781627 1.03275128596149
2.14214214214214 -3.88507697819317 1.03657439455932
2.14714714714715 -3.84060842283289 1.11574666687254
2.15215215215215 -3.85894014964526 1.02231796843585
2.15715715715716 -3.87176197016712 1.10128042931761
2.16216216216216 -3.88780920049517 1.10844326688898
2.16716716716717 -3.90193571749679 1.14181361925356
2.17217217217217 -3.91384440683272 0.985197353621108
2.17717717717718 -3.90565530739147 1.04858595137971
2.18218218218218 -3.96616138157954 0.971758471490777
2.18718718718719 -3.94748193085267 0.861577713690085
2.19219219219219 -3.94289817297147 0.903337187228733
2.1971971971972 -3.91870342508695 0.923200439519694
2.2022022022022 -3.91570087125936 0.896602743148836
2.20720720720721 -3.92180574399979 0.906645903540302
2.21221221221221 -3.86838791691137 0.790249398514406
2.21721721721722 -3.90110372054249 0.797995710453324
2.22222222222222 -3.9006805671141 0.842867809702473
2.22722722722723 -3.97840399522443 0.866880606798354
2.23223223223223 -3.93619384895144 0.957711776601784
2.23723723723724 -3.92007723825978 0.97224189685543
2.24224224224224 -3.91743910576758 0.920196038704799
2.24724724724725 -3.83384513417632 0.923938083140175
2.25225225225225 -3.81086868976527 0.959245348951066
2.25725725725726 -3.87531802687854 0.910939682401996
2.26226226226226 -3.90386390083785 0.910099531231548
2.26726726726727 -3.88453703142874 0.930055944937754
2.27227227227227 -3.98289477473548 0.946958240644678
2.27727727727728 -4.03775986681441 0.90522377297521
2.28228228228228 -4.05905856996327 0.944324692191603
2.28728728728729 -4.10679333244989 0.96052597018129
2.29229229229229 -4.06208736160638 1.00706969726814
2.2972972972973 -4.05838169569086 0.967228573472885
2.3023023023023 -4.11573750496443 0.846175601571361
2.30730730730731 -4.16471364670957 0.965851508772688
2.31231231231231 -4.2162048505483 0.948572118565917
2.31731731731732 -4.2265845413027 0.934122675702243
2.32232232232232 -4.20914757345076 1.01702906562382
2.32732732732733 -4.29324732656065 1.08395127073134
2.33233233233233 -4.23092330176032 1.08637198635364
2.33733733733734 -4.25072437075125 1.09530064866755
2.34234234234234 -4.20901887161014 1.18642174519891
2.34734734734735 -4.14683994960475 1.26162333782053
2.35235235235235 -4.16003048372824 1.29117957340844
2.35735735735736 -4.17953804788854 1.29207864949884
2.36236236236236 -4.20577901336478 1.32459256634271
2.36736736736737 -4.27719172063623 1.29982218223463
2.37237237237237 -4.28071318792776 1.32319653968363
2.37737737737738 -4.24601392316769 1.30782206011514
2.38238238238238 -4.15125384915196 1.36484518697466
2.38738738738739 -4.17926307283568 1.34562058396202
2.39239239239239 -4.19214672999541 1.40294445811407
2.3973973973974 -4.19746558230223 1.36859043772046
2.4024024024024 -4.16587399935221 1.36416743330623
2.40740740740741 -4.04001260893175 1.41462171995644
2.41241241241241 -4.07249107001998 1.34489833624376
2.41741741741742 -4.08219958404895 1.37226086881312
2.42242242242242 -4.05307235490914 1.36847941555545
2.42742742742743 -4.04474767594398 1.38625575837111
2.43243243243243 -4.06562103079032 1.36774815128515
2.43743743743744 -4.04082274281962 1.35137801136926
2.44244244244244 -4.01945116051478 1.33619422134494
2.44744744744745 -3.95452907421156 1.35402533827644
2.45245245245245 -4.00521091831814 1.34470203471965
2.45745745745746 -4.02436257742599 1.3138447782308
2.46246246246246 -4.00685700616625 1.39477683454198
2.46746746746747 -3.98572384786955 1.39866960122507
2.47247247247247 -4.009778742028 1.39107654672407
2.47747747747748 -3.96170323604447 1.44370170151066
2.48248248248248 -3.98921645155147 1.50722485055142
2.48748748748749 -3.92311010705052 1.59978367717601
2.49249249249249 -3.89564474721161 1.56766106858661
2.4974974974975 -3.84482968926387 1.5651078477512
2.5025025025025 -3.89255822539035 1.61560219222212
2.50750750750751 -3.82608706521873 1.60029162789832
2.51251251251251 -3.8246435166645 1.64993669321175
2.51751751751752 -3.84192586497799 1.77637800405077
2.52252252252252 -3.86717285283372 1.7968356216659
2.52752752752753 -3.84693802290626 1.81419635844928
2.53253253253253 -3.90925033025558 1.68642513930318
2.53753753753754 -3.93812336116449 1.68598179557675
2.54254254254254 -3.93605920916026 1.61991659381511
2.54754754754755 -3.89622519569957 1.59997523047088
2.55255255255255 -3.89363131356528 1.64061645391271
2.55755755755756 -4.01265604787434 1.64397188041695
2.56256256256256 -3.93533546101604 1.70795074777758
2.56756756756757 -3.9397657955096 1.69872699740787
2.57257257257257 -3.97570644522813 1.75070282542682
2.57757757757758 -3.97649999307903 1.66248186114776
2.58258258258258 -3.97427972175186 1.62405856172507
2.58758758758759 -3.90376652515819 1.60628073289031
2.59259259259259 -3.92896557925253 1.61865139781862
2.5975975975976 -3.98869329531694 1.57317588748622
2.6026026026026 -4.00881038475848 1.53193382386321
2.60760760760761 -3.9795697421734 1.5864209785296
2.61261261261261 -3.94920308952523 1.57366681696031
2.61761761761762 -3.96020900261093 1.53402494688505
2.62262262262262 -3.87157670693171 1.55337633683736
2.62762762762763 -3.96153737841143 1.50715283821097
2.63263263263263 -4.01332086942777 1.53997144245122
2.63763763763764 -4.09861705751472 1.54168513853134
2.64264264264264 -4.2086742104322 1.6215501862304
2.64764764764765 -4.2648560379666 1.57802346535648
2.65265265265265 -4.27929175909898 1.58913454509231
2.65765765765766 -4.33445810324272 1.64471244219625
2.66266266266266 -4.35306631892904 1.71792098907175
2.66766766766767 -4.30230993004176 1.79560253673459
2.67267267267267 -4.26003718487246 1.86664275001176
2.67767767767768 -4.23860966919363 1.84694142624276
2.68268268268268 -4.21386698476602 1.82332288957115
2.68768768768769 -4.22866651606754 1.7236345721028
2.69269269269269 -4.16950471716463 1.76212848363173
2.6976976976977 -4.21099963872534 1.80028205837719
2.7027027027027 -4.24732117091127 1.77724434420913
2.70770770770771 -4.2065063981683 1.74950255334873
2.71271271271271 -4.18276233360012 1.71726153362837
2.71771771771772 -4.09128458629043 1.71491822619222
2.72272272272272 -4.03783815854374 1.74308753936443
2.72772772772773 -3.96747226561017 1.74049174746642
2.73273273273273 -3.96546538535203 1.78460188818914
2.73773773773774 -3.97852315506592 1.805044933459
2.74274274274274 -4.04696936542207 1.7702117271191
2.74774774774775 -4.03801528893125 1.80206082780862
2.75275275275275 -4.04977848103712 1.76168303239758
2.75775775775776 -4.06306167123561 1.68819584077202
2.76276276276276 -4.1186606786342 1.61508594345607
2.76776776776777 -4.14210295988952 1.55263479200244
2.77277277277277 -4.06325855725359 1.58127839255945
2.77777777777778 -4.01493763133977 1.66099584850621
2.78278278278278 -4.07416067931186 1.64445763433082
2.78778778778779 -4.13115826477806 1.64106969134959
2.79279279279279 -4.18741511209645 1.71236123430923
2.7977977977978 -4.23500477515378 1.64903457174761
2.8028028028028 -4.21650135613418 1.60634599798619
2.80780780780781 -4.22065614115256 1.66704682049658
2.81281281281281 -4.16590790695553 1.57492316081479
2.81781781781782 -4.07543483868909 1.52037079473934
2.82282282282282 -4.12410353877615 1.46987747331575
2.82782782782783 -4.13974427841391 1.41275980303199
2.83283283283283 -4.21437234942666 1.47850442040647
2.83783783783784 -4.23405677904516 1.4260344170719
2.84284284284284 -4.19880851171092 1.34504350864121
2.84784784784785 -4.17770856612927 1.30061395804024
2.85285285285285 -4.08822332875514 1.33592390397045
2.85785785785786 -4.03470134948819 1.36695623129801
2.86286286286286 -3.98608125085837 1.38160855053812
2.86786786786787 -4.0530622107118 1.38063815750054
2.87287287287287 -3.97321309736865 1.36658653046475
2.87787787787788 -3.95618462018084 1.36246388897477
2.88288288288288 -3.98236623891129 1.28016372794346
2.88788788788789 -3.98994049808515 1.19708019949218
2.89289289289289 -3.96930984014562 1.14667670515585
2.8978978978979 -3.95229136215204 1.14556763875117
2.9029029029029 -3.90602033184091 1.18144907465431
2.90790790790791 -3.87149712885082 1.25387206796233
2.91291291291291 -3.92975504946119 1.21006512404305
2.91791791791792 -3.93976589310656 1.13441103886447
2.92292292292292 -3.9241582745626 1.13604210594711
2.92792792792793 -4.03899186477548 1.13179125386058
2.93293293293293 -4.07458258899031 1.17054054590321
2.93793793793794 -4.13312010211859 1.07019273215531
2.94294294294294 -4.14016534762717 1.11360760972817
2.94794794794795 -4.07759142773306 1.11170284775841
2.95295295295295 -4.04723035601219 1.0508710820444
2.95795795795796 -3.98064879876045 1.084958446806
2.96296296296296 -3.93506155973987 1.11920230030543
2.96796796796797 -3.91330503427777 1.11966326345951
2.97297297297297 -3.87442238583845 1.06160607035043
2.97797797797798 -3.92642814973222 1.09687279838569
2.98298298298298 -3.83136705024705 1.09626625805313
2.98798798798799 -3.9271908790727 1.06465766958155
2.99299299299299 -3.95606253838076 1.01048418910357
2.997997997998 -3.97321784652219 1.00432906739699
3.003003003003 -4.03029789897587 0.973249829619725
3.00800800800801 -4.08910551317112 0.916334056636957
3.01301301301301 -4.13945489781267 0.833171934648891
3.01801801801802 -4.09920283993659 0.841909688487163
3.02302302302302 -4.11325739191991 0.798314307720969
3.02802802802803 -4.08303498823647 0.816985201149035
3.03303303303303 -4.01059658914709 0.845825675802959
3.03803803803804 -4.01536667546556 0.866550424483533
3.04304304304304 -3.97049074125718 0.795093456699001
3.04804804804805 -3.95853251183314 0.721106831318121
3.05305305305305 -3.98828323826067 0.743948868931127
3.05805805805806 -4.01668626015549 0.795658310813367
3.06306306306306 -4.00234243391373 0.857239082052986
3.06806806806807 -3.97110935448252 0.890152079171019
3.07307307307307 -3.99917281718145 0.842118510824438
3.07807807807808 -4.06424476105005 0.773633603620464
3.08308308308308 -4.02816028048158 0.877830855261264
3.08808808808809 -4.02028005619156 0.812843773864041
3.09309309309309 -3.96416365913853 0.830865801873487
3.0980980980981 -3.89315688503879 0.844113813290752
3.1031031031031 -3.80824162451606 0.915582797295966
3.10810810810811 -3.81255047064061 0.965367286271859
3.11311311311311 -3.79012296912517 0.967163675061427
3.11811811811812 -3.81420987652657 1.00236413293748
3.12312312312312 -3.79853158204704 1.06988384109773
3.12812812812813 -3.77439359668272 0.979990010926349
3.13313313313313 -3.77855417793159 0.930833108455117
3.13813813813814 -3.75787897406724 0.866417814108027
3.14314314314314 -3.7297429883558 0.836678978140317
3.14814814814815 -3.66717921312243 0.866022593475723
3.15315315315315 -3.61094317685119 0.860684705557763
3.15815815815816 -3.58570186895521 0.793109133936062
3.16316316316316 -3.64246982065771 0.751583453483816
3.16816816816817 -3.66729291941161 0.785653699959637
3.17317317317317 -3.62720750609878 0.728803848430972
3.17817817817818 -3.64716832244379 0.686906062003177
3.18318318318318 -3.58437089092579 0.728291929228102
3.18818818818819 -3.53048442667704 0.751725839006565
3.19319319319319 -3.50390921020137 0.805299626227914
3.1981981981982 -3.43110539072033 0.796366403044033
3.2032032032032 -3.30087624123283 0.778420880271717
3.20820820820821 -3.32471887424978 0.822338929920579
3.21321321321321 -3.34509798463084 0.882692784720863
3.21821821821822 -3.38318999395518 0.862735930519743
3.22322322322322 -3.31742443261873 0.874693030674336
3.22822822822823 -3.22523132016737 0.831825576478235
3.23323323323323 -3.27247031322697 0.755699002761479
3.23823823823824 -3.303584416913 0.708538786088379
3.24324324324324 -3.35528253731867 0.794813691882173
3.24824824824825 -3.34257297686753 0.799965288207728
3.25325325325325 -3.32389057087629 0.791949496465492
3.25825825825826 -3.30310685239562 0.79294559021552
3.26326326326326 -3.28227245057272 0.728173777505026
3.26826826826827 -3.25959004735852 0.582955402671214
3.27327327327327 -3.25974107455272 0.58235412638992
3.27827827827828 -3.22699295657495 0.59872871002266
3.28328328328328 -3.23393963644415 0.657607589154416
3.28828828828829 -3.24069058689299 0.589296826706134
3.29329329329329 -3.27542213050777 0.589850215065385
3.2982982982983 -3.31709059504455 0.525702282004624
3.3033033033033 -3.26410078255938 0.51402766872125
3.30830830830831 -3.24471595341021 0.571870973313243
3.31331331331331 -3.14969103686116 0.59748469548485
3.31831831831832 -3.13717408956002 0.583351412947736
3.32332332332332 -3.12044681175676 0.595424239950124
3.32832832832833 -3.04801946576431 0.489234997931158
3.33333333333333 -3.09161051994398 0.443286713409514
3.33833833833834 -3.15511995958436 0.442965122203747
3.34334334334334 -3.16444762771238 0.428382518195423
3.34834834834835 -3.16912648305385 0.452326085716733
3.35335335335335 -3.1982209913305 0.44420183639012
3.35835835835836 -3.24270806170601 0.53811042878752
3.36336336336336 -3.23423815410657 0.564501429007473
3.36836836836837 -3.1879441500394 0.633448689799726
3.37337337337337 -3.11763027686299 0.582191475071189
3.37837837837838 -3.1757934733886 0.607097671631725
3.38338338338338 -3.17003223442316 0.689890429940031
3.38838838838839 -3.25663530104252 0.675957832477002
3.39339339339339 -3.23504008943906 0.723115203999039
3.3983983983984 -3.28290687975672 0.712194872362449
3.4034034034034 -3.28245773148276 0.71366156128537
3.40840840840841 -3.36886275488437 0.691906883147783
3.41341341341341 -3.32434428808515 0.650623337481677
3.41841841841842 -3.35393485205746 0.675967252259404
3.42342342342342 -3.29986286133668 0.732354032592583
3.42842842842843 -3.32134771773318 0.748490337499202
3.43343343343343 -3.28196819489526 0.822577056986009
3.43843843843844 -3.28960390495719 0.743225986215601
3.44344344344344 -3.27273640538827 0.706276075207068
3.44844844844845 -3.31039056063772 0.722939216132795
3.45345345345345 -3.41889303532449 0.749938992089406
3.45845845845846 -3.3724387747653 0.816324216193253
3.46346346346346 -3.3675210230048 0.882649657707294
3.46846846846847 -3.3766014061221 0.818909942926434
3.47347347347347 -3.35087977547652 0.869212673992779
3.47847847847848 -3.34543717055257 0.895360509649031
3.48348348348348 -3.40436017447774 0.958051872222048
3.48848848848849 -3.4582128422659 0.88567544976773
3.49349349349349 -3.44707053853782 0.839029951387064
3.4984984984985 -3.40573464037503 0.801981392161377
3.5035035035035 -3.41209321654772 0.800760900243973
3.50850850850851 -3.38981433344775 0.798071946925335
3.51351351351351 -3.4351454607684 0.855839053912147
3.51851851851852 -3.40594975321603 0.874222487888756
3.52352352352352 -3.36834855704869 0.915925007890851
3.52852852852853 -3.32861777367791 0.958914869134119
3.53353353353353 -3.33896157239237 0.880554520469932
3.53853853853854 -3.24183144551837 0.848163485689678
3.54354354354354 -3.22404170767972 0.86821682898504
3.54854854854855 -3.26285278997484 0.98699559242732
3.55355355355355 -3.27867794131291 1.01672353934568
3.55855855855856 -3.32056636761331 1.0733167118927
3.56356356356356 -3.36240719739191 1.01448984720582
3.56856856856857 -3.35700298930392 0.908979467210959
3.57357357357357 -3.33819002834931 0.87718167292195
3.57857857857858 -3.35922559968311 0.891301416944807
3.58358358358358 -3.37365132140648 0.886747289161354
3.58858858858859 -3.26099507641392 0.955046187515877
3.59359359359359 -3.28224361906583 0.9387328267152
3.5985985985986 -3.29836038992774 0.914951523820208
3.6036036036036 -3.25156819353125 0.870676095251127
3.60860860860861 -3.22571860992574 0.90802389645851
3.61361361361361 -3.20523422934591 0.885429813053703
3.61861861861862 -3.23309291437659 0.817717866883967
3.62362362362362 -3.17918895466004 0.835174386824215
3.62862862862863 -3.1202070936895 0.770885371536698
3.63363363363363 -3.18217362486936 0.762207062954508
3.63863863863864 -3.1981635698067 0.748859750925278
3.64364364364364 -3.12204715401959 0.746304982830955
3.64864864864865 -3.14449396870512 0.735667432456812
3.65365365365365 -3.10584864095848 0.765450123751088
3.65865865865866 -3.01106509629128 0.790451033436404
3.66366366366366 -3.00640127485778 0.853043612074817
3.66866866866867 -3.08418492705777 0.790823563286494
3.67367367367367 -3.05636453719434 0.714004963100853
3.67867867867868 -3.0454887427611 0.782278902222639
3.68368368368368 -3.07064827447981 0.757573639641191
3.68868868868869 -3.13778652202323 0.777484572452048
3.69369369369369 -3.09349424491125 0.674895925715061
3.6986986986987 -3.10265224204634 0.605012595293736
3.7037037037037 -3.09519737490119 0.585190598711729
3.70870870870871 -3.09686895655964 0.554656555599523
3.71371371371371 -3.04744251611338 0.524982354867063
3.71871871871872 -3.1380302546887 0.479448446576455
3.72372372372372 -3.09493655141838 0.448904015513813
3.72872872872873 -3.06146574831218 0.440819055990887
3.73373373373373 -3.01550121252987 0.427850475403233
3.73873873873874 -2.92956452117122 0.495972741625439
3.74374374374374 -2.89603065931609 0.511324220815842
3.74874874874875 -2.98199723476636 0.493000528346051
3.75375375375375 -3.00444065008885 0.44150691288673
3.75875875875876 -2.92304568030578 0.383983551629731
3.76376376376376 -2.95168202501773 0.377396743714593
3.76876876876877 -3.03853267008127 0.38610989243343
3.77377377377377 -3.08842406965316 0.423174421999177
3.77877877877878 -3.09902063348749 0.459695355614811
3.78378378378378 -3.07310065995141 0.432748165989327
3.78878878878879 -3.07169136872571 0.462908487440654
3.79379379379379 -3.06557592734871 0.470242628221378
3.7987987987988 -3.03245107983149 0.476010131970487
3.8038038038038 -3.02242304629551 0.479604977723621
3.80880880880881 -3.06259433075724 0.456963964121477
3.81381381381381 -2.99776832288152 0.480591861232936
3.81881881881882 -3.07086878241587 0.486370453157178
3.82382382382382 -3.02481955295041 0.50862429575266
3.82882882882883 -3.05833760755447 0.527796878861919
3.83383383383383 -3.01193236846298 0.477774454455578
3.83883883883884 -3.03550521612523 0.452731660191608
3.84384384384384 -3.05744348440277 0.479253733299974
3.84884884884885 -3.04626754308281 0.457329739282429
3.85385385385385 -2.96927333638305 0.442326726398353
3.85885885885886 -2.90003542003046 0.490631113908766
3.86386386386386 -2.97353855967904 0.516196281506635
3.86886886886887 -2.93612400052624 0.520586945968531
3.87387387387387 -2.88685071076238 0.463437041963744
3.87887887887888 -2.87647568374208 0.472963114634336
3.88388388388388 -2.95014058483429 0.435547599005852
3.88888888888889 -2.97530766620256 0.419789516322209
3.89389389389389 -2.96029603233981 0.503503814461445
3.8988988988989 -3.01390764134832 0.464760041376779
3.9039039039039 -2.96038381699913 0.480885029703177
3.90890890890891 -2.947948315194 0.475987729479901
3.91391391391391 -2.89096578656429 0.44616270495994
3.91891891891892 -2.95901709825709 0.447216081364662
3.92392392392392 -2.89463751792085 0.53264206982179
3.92892892892893 -2.80124110588821 0.478891486934688
3.93393393393393 -2.71630748663159 0.467205643131342
3.93893893893894 -2.70186679071919 0.393674177565928
3.94394394394394 -2.66982761416216 0.334824188706472
3.94894894894895 -2.65474295370057 0.330574357547566
3.95395395395395 -2.69595092658347 0.272868018738242
3.95895895895896 -2.79975891112789 0.311743651959946
3.96396396396396 -2.84065280894141 0.310232623057377
3.96896896896897 -2.93562119747676 0.378655748876152
3.97397397397397 -2.93983084051774 0.415484616317054
3.97897897897898 -2.99704846056841 0.319359486583991
3.98398398398398 -2.97461198832531 0.187493545830051
3.98898898898899 -2.94648764658077 0.204978117832165
3.99399399399399 -2.97372002210514 0.265908887327661
3.998998998999 -3.08446065503072 0.299585718624617
4.004004004004 -3.02195476029297 0.295560006836721
4.00900900900901 -3.02858207676129 0.289950936855396
4.01401401401401 -3.11524059009745 0.274056133118879
4.01901901901902 -3.13059657591046 0.28721910263888
4.02402402402402 -3.16028234939903 0.280296476136981
4.02902902902903 -3.16154321748322 0.231001406693887
4.03403403403403 -3.14723280069305 0.262469729589852
4.03903903903904 -3.20202902104877 0.231469378542277
4.04404404404404 -3.22170331910313 0.2192533719283
4.04904904904905 -3.2628795168657 0.18364071984049
4.05405405405405 -3.33305720012362 0.151565459012697
4.05905905905906 -3.32147223424757 0.192161997813065
4.06406406406406 -3.32743580799293 0.111967431026597
4.06906906906907 -3.38279030012398 0.0628644954314299
4.07407407407407 -3.3648150273505 0.0650768876067472
4.07907907907908 -3.40758612019329 0.048160467904513
4.08408408408408 -3.31218005030729 0.0513179697553334
4.08908908908909 -3.2642202631223 0.0391544138451278
4.09409409409409 -3.25096819412302 0.143133262103324
4.0990990990991 -3.15294382653935 0.139742924727946
4.1041041041041 -3.13293333435482 0.19794808329476
4.10910910910911 -3.21723928047484 0.167162516423056
4.11411411411411 -3.15341552951104 0.222594321445675
4.11911911911912 -3.1119355187823 0.233886258579491
4.12412412412412 -3.07730942107647 0.298458442626029
4.12912912912913 -3.14753662027698 0.282633313100714
4.13413413413413 -3.17980895666138 0.250669683272925
4.13913913913914 -3.05690909465742 0.289771064507671
4.14414414414414 -3.01145621529739 0.264534205340219
4.14914914914915 -2.9558492446402 0.273283478450527
4.15415415415415 -3.02014104560411 0.240228809123462
4.15915915915916 -3.04548540963598 0.266786641113954
4.16416416416416 -3.08211468175612 0.266921554561564
4.16916916916917 -3.07131578125097 0.307720163781499
4.17417417417417 -3.15385068336282 0.286956708001952
4.17917917917918 -3.2614737413732 0.27923948957955
4.18418418418418 -3.28085205770953 0.268005628920116
4.18918918918919 -3.29187865635315 0.186817972127833
4.19419419419419 -3.1936321303796 0.212994057561925
4.1991991991992 -3.13900725340541 0.284015639815056
4.2042042042042 -3.14146420696343 0.286863366512645
4.20920920920921 -3.22764888469378 0.274009695370431
4.21421421421421 -3.19755687353641 0.17554972225695
4.21921921921922 -3.15880226483259 0.150896066558914
4.22422422422422 -3.13406952329774 0.16194067789827
4.22922922922923 -3.19662125695179 0.124426860026518
4.23423423423423 -3.17083105630885 0.165393396803674
4.23923923923924 -3.22410981597403 0.186115334417281
4.24424424424424 -3.16699722554638 0.152383006837526
4.24924924924925 -3.22665837253199 0.123763613613026
4.25425425425425 -3.12653927572381 0.143282461683316
4.25925925925926 -3.07296069943424 0.123344136838937
4.26426426426426 -3.09922513378564 0.156477700768439
4.26926926926927 -3.10203118625111 0.233218346474172
4.27427427427427 -3.11422202333145 0.320287763524494
4.27927927927928 -3.04911500464322 0.361901720204415
4.28428428428428 -3.02236248730325 0.35696549700069
4.28928928928929 -3.03879082549584 0.335819755170466
4.29429429429429 -2.98560416291874 0.394510367037191
4.2992992992993 -2.97591403402873 0.421040024283931
4.3043043043043 -2.9532300222832 0.495560569714521
4.30930930930931 -2.98690934919464 0.471335128035184
4.31431431431431 -2.9810438405035 0.509219879189065
4.31931931931932 -3.02613586377309 0.496733807292271
4.32432432432432 -3.0060989463509 0.542736063663653
4.32932932932933 -2.98833869131869 0.633538602094987
4.33433433433433 -2.99103814513077 0.644901717691409
4.33933933933934 -2.90679755945553 0.657111360068787
4.34434434434434 -2.91388553068391 0.758859766664468
4.34934934934935 -3.00633036688502 0.671833039648347
4.35435435435435 -2.98003937270393 0.677396702789634
4.35935935935936 -3.02156513056697 0.709965891389168
4.36436436436436 -3.03430049175792 0.728350010926142
4.36936936936937 -3.03199405721319 0.703782701368811
4.37437437437437 -2.98625073702887 0.688027057983427
4.37937937937938 -2.95526150960175 0.708325959555024
4.38438438438438 -2.99522190254361 0.711995942306833
4.38938938938939 -3.00390917581066 0.627717730200417
4.39439439439439 -3.06127259848505 0.692997762194272
4.3993993993994 -3.08959335488449 0.656980662708374
4.4044044044044 -3.12013227497852 0.70884207466446
4.40940940940941 -3.09203887044283 0.741625736738709
4.41441441441441 -3.11839570374045 0.757963874476259
4.41941941941942 -3.11767604925761 0.795524845492498
4.42442442442442 -3.15203213187603 0.789808762318341
4.42942942942943 -3.09384758085221 0.790347783421
4.43443443443443 -3.08153551410722 0.788294059423588
4.43943943943944 -3.01951849298809 0.837918921053404
4.44444444444444 -3.03555162128565 0.799188859846282
4.44944944944945 -2.96075056414317 0.806731352264474
4.45445445445445 -2.96262760682762 0.742148530223028
4.45945945945946 -2.94569451613456 0.709896646619788
4.46446446446446 -2.97355979934705 0.640694105683746
4.46946946946947 -2.93368011055335 0.670269231049608
4.47447447447447 -2.905775925269 0.680361568508298
4.47947947947948 -2.85261776855206 0.693101050436946
4.48448448448448 -2.84892946693307 0.625259001570716
4.48948948948949 -2.86754292540577 0.65279628575102
4.49449449449449 -2.79681417409785 0.673705870885705
4.4994994994995 -2.71741276969854 0.654308578855556
4.5045045045045 -2.67895991020332 0.67668143494357
4.50950950950951 -2.6674781297003 0.655437703095505
4.51451451451451 -2.65470538598752 0.564595120561134
4.51951951951952 -2.73615160150087 0.593607686891381
4.52452452452452 -2.6971990801281 0.679854069030501
4.52952952952953 -2.71124789666473 0.661764219828119
4.53453453453453 -2.71844196915772 0.657141420738722
4.53953953953954 -2.80209437839684 0.61956692585228
4.54454454454454 -2.83952237672997 0.627862814734507
4.54954954954955 -2.73873060138731 0.630306628254778
4.55455455455455 -2.77896520239758 0.616674992496664
4.55955955955956 -2.74398748255356 0.583219888768963
4.56456456456456 -2.76159940967491 0.554828570130975
4.56956956956957 -2.82084572833378 0.610765555600631
4.57457457457457 -2.78169816776738 0.602339666354783
4.57957957957958 -2.79345584216496 0.64940158010897
4.58458458458458 -2.80480634919236 0.683318368965463
4.58958958958959 -2.85495886435001 0.741014550765504
4.59459459459459 -2.81994862092116 0.76732511192763
4.5995995995996 -2.76950557233875 0.781187449299487
4.6046046046046 -2.75515856869976 0.819095682950864
4.60960960960961 -2.79061261007556 0.848585033536305
4.61461461461461 -2.79988089987614 0.770164231254163
4.61961961961962 -2.75454280502531 0.697753906963638
4.62462462462462 -2.81990215852226 0.643676117111885
4.62962962962963 -2.86398236206636 0.63073644029569
4.63463463463463 -2.95954414181196 0.673262511144088
4.63963963963964 -2.95769071695315 0.687075300049121
4.64464464464464 -2.93885649668677 0.720288159513824
4.64964964964965 -3.01159782405763 0.733424521148757
4.65465465465465 -2.96458677714534 0.761038384263494
4.65965965965966 -2.92079709296849 0.785013793076675
4.66466466466466 -2.8317037252195 0.764696600076569
4.66966966966967 -2.94000177256291 0.830839376128396
4.67467467467467 -2.93099409308529 0.794494526505654
4.67967967967968 -2.85637813580105 0.785527213902857
4.68468468468468 -2.84904920359473 0.758488471489509
4.68968968968969 -2.90017889624569 0.744168653775498
4.69469469469469 -2.90031063935856 0.680387931053745
4.6996996996997 -2.93620700562883 0.689867906767015
4.7047047047047 -2.90155851100494 0.757419001248184
4.70970970970971 -2.93187191900841 0.725280497120702
4.71471471471471 -2.90080043457153 0.779879081345632
4.71971971971972 -2.92608267069988 0.803556916626266
4.72472472472472 -2.92905199244964 0.772967242850479
4.72972972972973 -2.93756991451285 0.821494076679068
4.73473473473473 -2.91572864823707 0.822566382317145
4.73973973973974 -2.8737373278072 0.841156849361875
4.74474474474474 -2.80886603757473 0.897878752880553
4.74974974974975 -2.91620366161977 0.93032122054542
4.75475475475475 -2.9360922833898 1.02467140954647
4.75975975975976 -2.90421468110082 1.07922403786712
4.76476476476476 -2.90438944545916 1.06078945965983
4.76976976976977 -2.89165810640548 0.897984694553383
4.77477477477477 -2.90105847153889 0.873744241495276
4.77977977977978 -2.91900740655403 0.880790620182012
4.78478478478478 -2.92147476595386 0.87544044736247
4.78978978978979 -2.92602558517026 0.77778830855922
4.79479479479479 -2.92026302364966 0.802419385396742
4.7997997997998 -2.88103255352752 0.848683288175021
4.8048048048048 -2.91488295153891 0.842195866741056
4.80980980980981 -2.90188378530088 0.858046783159989
4.81481481481481 -2.94397871097919 0.917398458620691
4.81981981981982 -2.93868768421774 0.896309731972814
4.82482482482482 -2.93009964644552 0.817492588146497
4.82982982982983 -2.89389955962446 0.825299596973635
4.83483483483483 -2.89794549770055 0.852343147623545
4.83983983983984 -2.93284231773284 0.815205107895443
4.84484484484484 -2.85250985914136 0.812016616995581
4.84984984984985 -2.81350682751892 0.827408423842265
4.85485485485485 -2.8077446194717 0.832403211297162
4.85985985985986 -2.83576811053223 0.815510382512663
4.86486486486486 -2.91293221811845 0.746324078431328
4.86986986986987 -2.91796971762473 0.69971282817721
4.87487487487487 -2.9712506770881 0.747443862146223
4.87987987987988 -2.94034728430802 0.785759603131714
4.88488488488488 -2.85829239084379 0.85112023996054
4.88988988988989 -2.86005991790307 0.799270285774647
4.89489489489489 -2.87369747320944 0.849576930876756
4.8998998998999 -2.83536176392146 0.832216114284461
4.9049049049049 -2.7865728263697 0.820639331668776
4.90990990990991 -2.77217608193672 0.820989783381667
4.91491491491491 -2.70926027809707 0.786625462718609
4.91991991991992 -2.66908518442345 0.736592144856823
4.92492492492492 -2.70036275090613 0.705442329568415
4.92992992992993 -2.66404704236483 0.685115965676942
4.93493493493493 -2.65995948323487 0.719179876502111
4.93993993993994 -2.61339491324245 0.78968759217593
4.94494494494494 -2.63015508680113 0.674822126113461
4.94994994994995 -2.66836921913217 0.694893842600704
4.95495495495495 -2.62461624370828 0.744920308975882
4.95995995995996 -2.67707692849897 0.76270365687291
4.96496496496496 -2.70603075279388 0.741367814930229
4.96996996996997 -2.65757053864069 0.800183104122276
4.97497497497497 -2.69891893282961 0.771752702873487
4.97997997997998 -2.70681497555726 0.712644826247896
4.98498498498498 -2.7212504615602 0.743467344055269
4.98998998998999 -2.67552140483602 0.723729420896804
4.99499499499499 -2.68762317854158 0.758786785656731
5 -2.66905234631408 0.813408787289561
