magnirostris -1.98604908  1 0 0 0 1 1 1 1 1 1 1 0 1 1 0 0 1 1 1
conirostris -1.30247925  0 0 0 1 0 0 0 0 0 1 0 0 0 0 0 0 0 0 0
difficilis  0.09217195  1 0 0 0 0 0 1 0 1 1 0 0 0 0 0 0 0 1 1
scandens -0.61746500   0 1 1 0 1 1 1 1 1 0 1 0 1 0 1 1 1 0 0
fortis -0.68342786   1 1 1 0 1 1 1 1 1 0 1 0 1 1 1 1 1 0 0
fuliginosa  0.49681995   1 1 1 1 1 1 1 1 1 0 1 0 1 1 1 1 1 0 0
pallida -0.14973770   0 1 0 0 0 1 1 1 0 0 0 0 0 1 0 0 0 0 0
fusca  1.62859577  0 1 0 1 1 0 0 0 1 1 1 0 0 0 0 0 0 1 1
parvulus  0.75590763   1 1 1 0 1 1 1 1 0 0 0 0 0 1 0 0 0 0 0
pauper  0.13636193   0 0 1 0 0 0 0 0 0 0 0 0 0 0 0 0 0 0 0
Pinaroloxias  0.73288098   0 0 0 0 0 0 0 0 0 0 0 1 0 0 0 0 0 0 0
Platyspiza -0.62886048   1 1 1 0 0 1 1 1 1 0 1 0 0 0 0 0 0 0 0
psittacula -0.21073926   1 0 1 0 1 1 1 1 1 0 1 0 0 0 0 0 0 0 0
olivacea  1.73602043   1 0 0 0 0 1 1 1 0 0 0 0 1 1 0 0 0 0 0